716
45
208
457
652
496
519
552
301
184
423
593
786
505
725
957
92
679
206
689
336
851
871
286
14
691
962
502
733
62
169
762
635
112
504
100
227
815
794
250
13
868
237
355
741
765
73
940
699
884
433
116
438
7
822
675
250
546
659
692
250
421
933
474
297
353
434
907
581
529
446
277
387
307
331
248
627
334
336
321
766
390
898
732
223
850
267
888
431
804
366
857
329
518
720
482
28
148
70
550
784
533
986
602
298
35
861
807
747
266
465
400
488
735
223
316
190
162
105
340
699
259
807
315
803
535
63
571
645
934
554
693
420
327
379
932
586
887
221
731
526
241
894
737
883
324
198
589
567
523
957
140
588
800
126
707
518
388
422
271
944
165
905
89
727
760
385
239
841
561
582
16
793
838
868
423
230
312
877
270
358
588
884
513
76
54
815
604
342
689
522
106
717
431
609
413
426
382
555
996
893
314
412
36
516
341
638
188
437
855
911
79
543
129
236
776
991
130
702
860
759
773
936
512
680
25
864
578
856
687
69
337
553
865
359
491
486
651
338
28
962
406
562
399
223
478
976
939
829
66
491
381
583
870
789
838
933
691
924
742
717
233
742
517
54
972
302
895
921
729
698
484
575
669
485
721
630
206
294
261
678
331
740
576
354
313
554
485
877
207
736
35
782
616
37
936
983
819
134
568
407
138
488
999
12
553
604
145
496
299
710
830
410
440
298
790
661
106
223
602
447
131
934
310
686
427
556
859
164
960
13
625
330
833
866
426
148
390
773
991
120
603
133
760
500
269
472
206
376
862
465
219
235
895
519
261
811
123
556
552
168
167
560
933
15
652
516
530
160
443
733
742
828
4
930
839
843
409
760
641
169
39
406
185
484
373
933
692
180
912
909
960
289
127
848
510
718
905
226
258
301
176
774
181
400
249
847
981
431
157
696
988
616
511
242
683
227
799
314
235
555
522
69
860
789
558
498
922
23
840
859
754
576
710
613
24
976
277
192
277
273
861
335
311
272
222
641
245
334
162
153
818
318
262
17
673
600
297
155
509
86
310
391
162
156
408
912
385
725
131
964
458
384
551
492
384
156
114
140
700
662
20
16
970
752
635
141
391
953
198
50
508
443
536
771
623
912
170
461
733
