275
951
795
354
780
402
195
436
856
513
182
938
685
577
487
892
485
368
955
758
803
140
508
217
541
132
656
57
730
209
473
221
87
10
741
602
375
817
706
493
105
698
49
688
577
870
204
549
409
936
412
577
431
581
133
799
376
710
829
6
101
306
991
49
898
993
362
667
981
100
576
194
778
979
946
19
758
812
293
862
151
180
285
716
474
920
518
484
896
169
517
95
44
937
428
953
548
849
836
437
629
630
195
933
632
113
447
41
544
568
555
862
436
168
591
871
222
525
340
769
531
298
18
720
759
661
368
590
64
347
9
141
272
669
412
79
958
524
399
711
777
320
597
937
640
932
329
220
174
409
548
948
9
66
130
136
484
969
944
843
353
64
282
819
23
362
52
118
262
812
880
384
540
384
572
585
245
952
394
151
70
534
716
461
101
142
146
975
855
850
91
125
580
753
295
837
229
272
249
264
402
837
176
588
577
205
24
853
324
335
759
915
134
315
759
656
91
114
157
987
123
199
138
159
864
915
54
813
133
276
318
565
557
724
46
523
679
902
196
61
106
632
340
333
198
806
297
345
428
335
377
776
475
136
861
146
96
802
37
30
237
451
336
618
486
381
443
43
261
846
567
637
550
34
863
22
623
802
994
778
192
578
349
438
731
210
303
346
599
225
549
295
84
862
790
426
570
358
81
215
263
659
816
4
285
991
452
430
376
348
865
587
485
904
336
59
282
278
453
453
952
891
621
810
378
334
904
634
875
33
191
676
364
720
998
614
384
258
435
106
111
27
365
839
310
609
119
783
444
450
11
117
166
170
408
487
495
614
860
315
469
618
340
517
808
926
492
314
183
787
700
844
617
695
218
422
244
73
338
361
363
530
386
478
709
979
536
12
842
549
285
534
272
767
115
391
647
312
929
568
549
295
446
902
745
625
8
58
701
782
292
312
398
398
881
663
934
409
620
436
732
583
140
787
687
296
323
312
687
108
440
211
411
384
383
471
572
37
926
867
970
940
400
107
684
702
874
465
993
627
160
741
564
488
792
976
763
569
86
914
401
730
522
43
513
658
678
369
369
327
773
614
131
242
196
88
829
385
724
555
78
994
867
250
526
843
929
166
939
246
566
828
238
772
605
875
844
333
629
168
336
74
787
207
887
107
146
4
1000
733
335
13
612
155
855
491
507
727
19
15
437
12
157
955
909
94
571
274
208
801
8
596
371
478
474
927
740
162
363
702
610
197
976
914
60
791
851
376
493
166
570
595
708
329
564
205
545
565
874
763
203
685
31
793
742
893
901
148
691
215
380
192
892
129
777
742
770
907
345
178
268
350
71
543
512
260
913
413
528
349
407
10
387
322
194
550
32
81
72
199
242
490
223
562
492
503
419
872
93
531
106
474
884
695
109
464
842
42
342
295
677
279
562
810
900
632
108
11
763
83
935
573
84
46
330
369
21
5
918
70
219
76
2
68
473
679
583
975
245
661
118
37
512
587
56
899
108
346
969
860
705
90
297
975
471
728
11
614
637
803
978
284
514
977
299
748
654
970
346
420
288
414
567
824
609
318
36
612
879
948
670
991
45
290
28
845
182
665
854
505
120
591
569
328
232
318
255
689
7
292
440
916
102
468
969
495
331
25
403
419
632
473
805
861
47
367
175
556
631
41
305
43
459
12
244
865
36
482
779
689
507
456
471
566
607
218
511
25
182
869
769
489
474
464
358
324
263
120
849
633
17
289
667
12
263
295
158
244
863
40
581
530
157
137
389
874
21
713
431
78
7
636
61
761
32
624
123
171
723
352
531
619
604
12
744
242
591
228
876
630
652
570
264
322
824
796
48
115
192
848
895
438
648
391
292
110
994
122
408
555
164
721
336
481
147
305
753
655
181
861
55
740
923
989
655
778
773
982
819
184
785
291
178
930
740
42
782
370
733
406
447
675
920
133
547
510
485
213
185
467
747
307
977
233
122
843
207
905
255
944
23
149
943
595
54
723
199
736
232
807
788
281
93
374
531
71
567
489
783
152
6
413
113
212
238
848
249
520
858
857
187
58
131
701
764
579
24
717
472
648
899
62
285
872
448
774
771
742
460
745
640
987
262
903
333
586
35
99
883
679
440
284
585
32
607
80
473
910
551
595
915
762
506
372
585
752
208
371
441
209
76
540
268
369
565
555
449
781
599
787
434
745
558
446
16
393
302
160
233
734
48
161
575
230
894
158
662
912
506
833
818
785
405
396
969
388
59
159
292
713
994
239
151
109
288
935
936
164
816
74
